# 1. Definimos la lista con tus números específicos
datos = [
        0, 2346, 4481, 1962, 4641, 1099, 2587, 2769, 715, 4950, 4501, 4044, 821, 
         3447, 3682, 4508, 4425, 3671, 4357, 53, 2059, 973, 2673, 3963, 4802, 3900, 
        3820, 864, 228, 680, 3009, 1390, 3741, 2797, 3681, 3122, 4762, 398, 347, 
        1414, 2230, 618, 2159, 2040, 258, 2461, 2885, 168, 1164, 611, 645, 1607, 
        2830, 4243, 3904, 345, 4247, 318, 4108, 4857, 1479, 4378, 2283, 1175, 433, 
        2560, 4813, 2060, 4928, 4550, 4079, 1532, 4997, 4719, 4728, 4358, 2512, 
        634, 1360, 4529, 714, 167, 280, 4726, 3424, 1027, 4456, 462, 529, 1605, 
        2515, 4968, 4627, 1975, 3109, 3094, 817, 452, 2429, 4779, 944, 4412, 1322, 
        232, 3726, 2739, 4945, 395, 3528, 4173, 1834, 2615, 2656, 468, 2322, 3464, 
                                            3088, 4088, 765, 1132, 4748, 2126, 615, 3692, 2301, 1581, 2559, 4131, 3981, 
                                                2787, 2766, 1148, 2360, 3204, 2556, 3311, 4576, 509, 2411, 2984, 1337, 536, 
                                                    4389, 1128, 2756, 3950, 2501, 2194, 4722, 3091, 2331, 1578, 1391, 4043, 
                                                        1836, 24, 4448, 3188, 1874, 3361, 1219, 3320, 3251, 4245, 4048, 506, 2518, 
                                                            2553, 4933, 2517, 4071, 4654, 4668, 939, 2578, 3588, 34, 2761, 2709, 4164, 
                                                                1149, 290, 4148, 56, 4946, 3151, 1706, 1790, 4822, 785, 1475, 4072, 3316, 
                                                                    2791, 2183, 4794, 4100, 1888, 2846, 85, 1651, 451, 113, 965, 3734, 3653, 
                                                                        2422, 1419, 66, 1544, 4291, 3008, 4251, 1795, 4272, 2590, 4825, 147, 3153, 
                                                                            4473, 2864, 2224, 4136, 3487, 2905, 572, 4413, 4482, 2021, 592, 3492, 1280, 
                                                                                1900, 2257, 3149, 2402, 826, 851, 150, 4193, 1628, 2792, 2504, 1053, 1682, 
                                                                                    1672, 2658, 1608, 4264, 2256, 1825, 3276, 4592, 1894, 3830, 2946, 4254, 
                                                                                        1484, 294, 3547, 952, 80, 477, 711, 1277, 3949, 1881, 1927, 4295
]

# 2. Implementación del algoritmo de Burbuja
def bubble_sort(lista):
    n = len(lista)
    # Ciclo for externo para recorrer toda la lista
        for i in range(n):
        # Ciclo for interno para comparar elementos adyacentes
        for j in range(0, n - i - 1):
             if lista[j] > lista[j + 1]:
                 # Intercambio si el actual es mayor al siguiente
                 lista[j], lista[j + 1] = lista[j + 1], lista[j]

# 3. Ejecutamos el ordenamiento
bubble_sort(datos)
# 4. Imprimimos el resultado
print("✅ Datos ordenados de menor a mayor:")
print(datos)
print(f"\nTotal de números ordenados: {len(datos)}")
